0.9863100590135768
0.9867013971592272
0.9870912198382159
0.9874485109205926
0.9877811213641916
0.9881366401700188
0.9884970376105345
0.9888233564102115
0.9891151129433605
0.9894091249426793
0.989708859766978
0.9900043464291705
0.9902674970981085
0.9905244364458378
0.990797436776813
0.9910776027193525
0.991324275105524
0.9915390981884619
0.991770521436528
0.9920140586682175
0.9922324370267742
0.9924269818721558
0.992633640161318
0.992855973947809
0.9930725523236555
0.9932572260369745
0.9934308144194122
0.9936188885194244
0.9938128101713165
0.9939811551111798
0.9941241381309576
0.994290785954
0.9944771954628663
0.9946408750214156
0.9947724909634434
0.9949094735382611
0.9950691527484485
0.9952180686809035
0.9953309598604907
0.9954391901060254
0.9955783569126099
0.9957257366404555
0.9958374812667893
0.9959306197756853
0.9960470804327034
0.9961804631330836
0.996281954810265
0.996358115911241
0.9964494510488304
0.9965690759482998
