0.01296049962534788
0.012662210336352
0.012422800066475245
0.012022482465981005
0.011621187247154259
0.011230067280888332
0.010965259835113933
0.010685059282273845
0.010396124707980138
0.010046051590949293
0.009722859957992052
0.009497153101773575
0.009344903576530825
0.009141180262885185
0.008837014994315546
0.008504193934554496
0.00827833164041026
0.008148133269727187
0.007944211435743209
0.007662855660268954
0.007351669939396222
0.007144154854940431
0.006976274202736056
0.006824143398430844
0.006604274271239018
0.006385607609415104
0.006190094664320891
0.006076391292261443
0.005972065138792677
0.0058257484218653946
0.005642514018320739
0.005467362026843438
0.005324553719275538
0.005197770226625826
0.005017192014473558
0.004844537663924616
0.004682609298510611
0.004578040406985014
0.004484515131494589
0.004346519758684365
0.004203184540447677
0.004069206344823121
0.0040060476717444496
0.003952540423727497
0.003846335270857631
0.0036926742088156045
0.0035689953988953258
0.003463832134388998
0.0034286138382596497
0.003304525999903069
