0.2317944000195778
0.2820621782666434
0.34111687774455685
0.25335781511957867
0.2626381948729889
0.36097266126505273
0.24242415226529013
0.26448829514840133
0.22146630796823852
0.29196596278439674
0.27122635859692834
0.2314839532399866
0.3193872284316872
0.22123880728866316
0.27783436005256845
0.40668620597569727
0.2776577792093225
0.29259464695013027
0.29259464695013043
0.25398632657344744
0.29259464695013065
0.3062224860933406
0.2539863265734471
0.30622248609334046
0.2539863265734457
0.2925946469501303
0.30622248609333974
0.5042439575764328
0.20364020868897525
0.22123880728866344
0.27783436005256806
0.2834535133409675
0.279812644697646
0.22539194785117844
