0.25142305865245973
0.2484741224762064
0.2778528470412745
0.3193094871321644
0.2424535004848919
0.2645195122123639
0.2214663079682383
0.29196679402630094
0.2712271038372256
0.23148985553502938
0.31938722843168765
0.22123880728866316
0.2778528470412733
0.40670160676420003
0.2776553621252348
0.29260601331848396
0.29260601331848385
0.2539824540130053
0.29260601331848435
0.306221211131841
0.2539824540130043
0.30622121113184186
0.2539824540130051
0.29260601331848385
0.306221211131842

0.5042601226789416
0.20364995087643356
0.22123880728866344
0.27785284704127333
0.2834535133409671
0.279823990691093
0.225410265422346
