0.2317944000195778
0.2820621782666434
0.34111687774455685
0.25335781511957867
0.2626381948729889
0.36097266126505273
0.24242415226529013
0.26448829514840133
0.22146630796823852
0.29196596278439674
0.27122635859692834
0.2314839532399866
0.3193872284316872
0.22123880728866316
0.27783436005256845
0.40668620597569727
0.2776577792093225
0.29259464695013027
0.29259464695013043
0.25398632657344744
0.29259464695013065
0.3062224860933406
0.2539863265734471
0.30622248609334046
0.2539863265734457
0.2925946469501303
0.30622248609333974
0.5042439575764328
0.20364020868897525
0.22123880728866344
0.27783436005256806
0.2834535133409675
0.279812644697646
0.22539194785117844
0.2903209066273271
0.14723355894099788
0.34145302634046115
0.19433015534004672
0.22123880728866355
0.2253919478511789
0.24847146125959116
0.18481045898698767
0.19544228108219786
0.24887274343672217
0.21110254642079307
0.3198946920836748
0.20928047207716338
0.2786162049530345
