63.359375
56.890625
19.307861328125
15.986572265625
123.6875
42.99609375
88.25
42.359375
20.560546875
75.28125
20.107421875
53.859375
19.307861328125
20.650390625
45.84375
25.0390625
25.0390625
16.69384765625
25.0390625
43.25
16.69384765625
43.25
16.69384765625
25.0390625
17.802734375

21.243453979492188
220.609375
22.44775390625
16.43731689453125
16.514373779296875
31.2947998046875
13.460899353027344
64.18359375
62.822509765625
32.55517578125
24.66943359375
22.44775390625
13.460899353027344
23.052001953125
