64.453125
57.53125
17.9755859375
19.4609375
125.96875
43.234375
90.125
42.46875
20.61181640625
76.3125
20.1875
54.40625
19.33740234375
20.6807861328125
46.08984375
25.171875
25.171875
14.7685546875
25.171875
43.9375
14.7685546875
43.9375
14.7685546875
25.171875
17.846435546875
35.03076171875
223.578125
22.5908203125
19.33740234375
19.520751953125
31.400390625
13.460899353027344
64.80078125
62.822509765625
31.0078125
25.107421875
22.5908203125
13.460899353027344
23.361328125
54.328125
40.1708984375
23.15380859375
52.55859375
36.50390625
45.67864990234375
65.25390625
98.8203125
60.38134765625
50.54296875
77.119140625
