62.8719482421875
56.48974609375
17.9383544921875
15.978485107421875
121.7187542.7333984375
86.152099609375
42.1796875
20.510498046875
74.62060546875
20.0234375
53.495361328125
19.2724609375
20.615478515625
44.4619140625
23.1953125
23.1953125
14.7421875
23.1953125
42.302734375
14.7421875
42.302734375
14.7421875
23.1953125
17.7489013671875
23.823486328125
216.5419921875
22.302734375
19.272705078125
17.9930419921875
31.17578125
20.8271484375
63.3155517578125
58.496826171875
30.875
24.291015625
22.302734375
20.8271484375
22.83349609375
51.755859375
39.8619384765625
22.975830078125
49.521484375
35.35888671875
45.4232177734375
64.5
