182.125
118.5
89.40625
159.125
148.03125
81.1875
174.0
130.5625
209
132.5
137.0625
177.625
104.53125
188.375
125.21875
64.1875
129.6875
110.1875
110.1875
147.9375
110.1875
100.78125
147.9375
100.78125
147.9375
110.1875
100.78125
60.698486328125
243.109375
188.3046875
125.21875
123.55859375
120.287109375
194.45703125
120.8974609375
471.15625
98.55859375
241.78125
188.3046875
194.45703125
151.09765625
272.40625
265.296875
170.04296875
227.5625
100.70703125
226.3125
109.7890625
217.5625
120.43359375
92.6259765625
246.46875
