178.6416015625
116.5146484375
87.83984375
156.068359375
146.20556640625
79.779296875
170.70556640625
128.49267578125
205.34375
129.63330078125
134.609375
174.45654296875
102.765625
185.306396484375
122.759765625
63.492431640625
127.732421875
108.66943359375
108.66943359375
145.05712890625
108.66943359375
99.3642578125
145.05712890625
99.3642578125
145.05712890625
108.66943359375
99.3642578125
60.47998046875
239.27783203125
185.306396484375
122.759765625
121.927978515625
118.7216796875
192.20947265625
